k_Boltz   = 1.380651e-23   	 (J/K) 
h_Planck  = 6.626074e-34   	 (J*s) 
c_light   = 7.251633e-07   	 (cm/aut)    
R         = 8.314470e+00   	 (J/K*mol) 
N_avog    = 6.022137e+23   	 (molecules) 
 
Deb2eA    = 2.081943e-01   	 (Debye) => (e*Angstrom) 
 
kJ2kcal =  0.23901
Eh2kcal =  627.51
Eh2kJ =  2625.5
Eh2eV =  27.211
Eh2MHz =    6.5797e+09
Eh2kT =  315773
cm2eV =    1.2398e-04
cm2Eh =    4.5563e-06
kT2Eh =    3.1668e-06
bohr2A =  0.52918
HMass =  1836.2
amu =  1822.9
au2fs =  0.024189



 Vibrational frequencies (all) in cm-1 
 1  :         0.0000  (cm-1) 
 2  :         0.0000  (cm-1) 
 3  :         0.0000  (cm-1) 
 4  :         4.2510  (cm-1) 
 5  :         4.2511  (cm-1) 
 6  :       545.4247  (cm-1) 
 7  :       545.4247  (cm-1) 
 8  :      1363.0969  (cm-1) 
 9  :      2397.1464  (cm-1) 
